# Total waste volume a lorry can accommodate (cubic metres)
lorryVolume 20
# Maximum lorry load (kg)
lorryMaxLoad 7000
# Time required to empty a bin (in seconds)
binServiceTime 130 
# Bin volume (cubic metres)
binVolume 2
# Rate of the Erlang distribution of the disposal events (avg. no. per hour)
disposalDistrRate 2.0
# Shape of the Erlang distribution
disposalDistrShape 2
# Bag volume (cubic metres)
bagVolume 0.05
# Minimum expected weight of a waste bag disposed
bagWeightMin 2
# Maximum expected weight
bagWeightMax 8
# Number of service areas
noAreas 1
# For area 0, service performed once every 16 hours (i.e. 0.0625 trips per hour)
# Bins serviced if occupancy is more or equal 75% and there are 5 bins in this area
areaIdx 0 serviceFreq 0.0625 thresholdVal 0.75 noBins 100
# Road layout and distances between bin locations (in minutes)
roadsLayout
0 41 32 24 64 22 14 74 70 31 11 84 5 51 79 4 11 83 87 17 69 13 96 4 58 23 4 8 5 68 91 2 33 19 10 34 94 91 31 88 22 24 55 13 88 27 19 55 23 15 41 18 88 60 21 12 16 81 34 91 74 47 100 93 19 81 5 33 42 54 87 100 30 100 18 90 46 4 2 49 98 70 24 16 68 13 51 48 60 57 61 93 26 20 84 2 96 71 95 25 24
41 0 37 57 2 85 71 57 43 6 70 12 30 30 18 87 55 22 79 66 26 59 30 68 16 34 78 24 83 47 18 24 16 16 69 40 91 75 58 10 11 92 89 48 20 78 54 32 76 90 84 84 94 30 6 77 66 93 47 81 87 29 99 52 29 4 77 8 27 33 2 39 3 10 21 62 75 92 1 7 85 96 19 94 91 14 55 88 86 96 96 36 2 22 54 82 98 6 42 43 87
81 35 0 45 21 88 26 25 63 69 20 33 100 1 33 13 97 38 29 36 95 90 85 63 53 69 50 15 35 53 87 82 37 76 19 89 4 36 51 85 48 19 90 51 100 70 26 81 100 60 38 99 51 40 10 49 65 65 89 34 38 78 55 45 6 9 22 33 68 68 2 77 76 16 25 38 100 71 36 4 61 49 92 24 19 31 18 50 68 6 55 16 74 50 69 14 11 39 68 55 28
28 48 56 0 20 25 59 68 45 13 87 46 65 24 85 94 85 53 83 66 89 54 30 63 27 36 84 22 80 42 55 13 88 60 69 91 21 14 36 42 45 43 38 83 33 43 31 78 46 5 55 24 21 64 12 24 49 20 88 22 75 97 50 99 84 67 43 16 43 80 30 43 97 81 97 22 11 65 86 38 72 11 58 74 15 44 68 14 59 26 65 46 61 78 15 41 2 58 71 68 83
13 1 93 19 0 61 54 23 77 4 74 5 56 99 15 64 18 76 38 65 45 71 13 54 54 13 33 4 55 23 92 93 89 57 26 6 47 76 39 9 67 100 18 54 29 89 37 58 83 90 17 28 13 29 24 49 95 18 9 36 86 72 59 56 96 32 75 99 98 50 29 81 35 53 32 38 60 11 29 51 48 15 33 94 37 5 87 64 16 5 63 32 38 24 86 60 39 39 63 42 34
15 17 26 98 76 0 74 80 39 62 63 48 52 8 50 7 75 3 37 67 67 52 89 38 45 83 4 95 100 28 27 45 58 37 69 6 25 33 50 97 98 26 74 50 45 64 62 48 21 60 60 57 18 64 44 77 80 22 4 2 97 58 55 49 61 69 71 72 13 56 10 19 58 10 29 72 30 30 19 43 47 30 61 74 90 95 15 59 35 82 59 23 79 16 5 92 27 19 37 52 1
7 7 92 22 2 61 0 10 52 31 52 28 66 17 36 27 17 98 16 95 70 51 28 14 81 36 50 66 50 62 61 69 91 58 31 60 21 1 61 97 81 39 17 6 62 24 50 99 74 45 61 17 70 66 56 61 48 63 28 8 81 94 53 66 74 9 90 64 16 33 94 57 56 67 5 26 9 3 9 71 72 55 18 96 74 86 85 31 79 4 7 89 60 47 43 3 43 25 73 75 60
48 90 42 41 87 99 72 0 14 92 77 48 45 11 66 98 19 10 32 99 76 1 17 29 75 100 64 39 16 29 3 99 45 57 86 92 37 95 22 82 20 34 72 91 86 10 94 54 7 61 12 64 9 20 68 75 51 43 98 45 53 23 7 98 69 37 40 75 98 61 92 17 81 47 55 80 83 72 62 29 53 58 45 35 24 50 81 52 61 20 7 4 52 25 17 75 18 32 84 90 3
44 31 72 11 65 65 38 54 0 71 58 49 40 99 99 14 9 67 29 46 43 54 54 55 36 88 90 2 68 68 14 79 88 50 79 34 71 14 8 35 93 4 89 69 18 85 22 61 21 91 24 65 52 30 55 46 19 8 30 69 93 78 94 84 28 19 77 7 35 50 4 74 96 97 11 13 16 36 94 92 4 7 67 47 51 4 17 55 66 87 88 41 75 98 13 82 22 14 10 21 39
86 9 38 6 36 90 31 12 34 0 19 20 71 7 9 32 86 83 54 62 60 89 22 92 78 28 16 82 48 3 78 5 28 73 73 29 87 35 70 32 10 53 52 95 52 49 16 55 3 3 16 73 62 93 12 22 35 25 43 48 57 68 80 14 69 93 17 37 69 28 53 28 58 63 36 44 30 45 1 72 77 5 20 9 61 41 47 58 23 61 9 32 99 44 96 94 87 66 17 41 67
79 28 22 28 79 65 1 15 10 28 0 61 80 21 45 26 97 29 35 25 17 30 45 36 90 38 42 7 32 55 52 62 28 43 62 52 65 8 66 50 100 75 41 73 26 22 36 36 72 36 68 83 48 91 47 15 25 83 51 87 14 9 74 96 87 29 80 44 20 55 79 5 12 26 68 50 44 95 54 81 6 77 79 28 32 58 68 73 59 14 87 74 22 78 16 33 40 47 12 14 49
93 90 78 32 75 63 13 90 61 21 80 0 86 49 27 36 54 97 64 70 68 64 84 39 69 6 25 96 12 100 51 22 91 20 18 34 57 27 48 91 20 12 51 37 11 73 52 27 72 7 70 61 31 97 78 66 73 25 99 29 10 62 9 27 38 73 55 87 21 70 78 52 9 91 60 83 47 2 46 77 35 83 36 93 23 32 69 93 4 7 33 32 66 5 62 8 26 3 88 62 73
10 33 52 77 92 14 89 37 98 34 54 84 0 48 79 2 19 36 52 63 47 90 61 58 62 34 98 22 2 27 50 78 37 81 52 40 34 85 90 83 96 83 39 51 18 20 5 1 91 24 1 63 57 24 20 23 66 56 29 30 70 40 81 5 28 64 31 37 79 27 38 31 33 36 97 78 95 23 10 46 99 89 32 85 8 87 86 45 13 34 93 94 16 97 76 44 34 35 41 38 93
56 44 85 8 85 50 47 49 54 60 24 68 20 0 72 90 97 26 84 25 51 14 81 56 22 56 99 31 27 5 37 53 80 24 35 29 55 41 53 66 51 43 45 39 71 59 63 100 79 53 97 54 17 2 30 55 36 50 90 9 75 96 99 63 94 71 68 62 48 34 85 24 30 47 59 67 35 54 73 1 74 73 98 45 72 10 91 37 7 5 8 74 44 60 18 16 69 10 1 40 68
55 63 40 71 29 98 76 24 95 79 15 22 58 7 0 56 20 100 81 6 97 66 70 29 8 11 97 59 4 87 69 33 86 51 9 100 81 66 87 79 67 40 49 5 7 23 69 6 70 46 85 65 92 6 32 25 88 94 87 99 1 9 73 36 80 73 63 19 85 8 31 91 45 87 34 19 79 38 99 7 45 88 30 69 20 100 98 5 53 43 99 43 5 58 48 28 40 41 8 7 40
4 7 13 2 11 97 74 18 64 16 19 53 61 70 32 0 30 43 89 41 70 98 42 58 36 69 2 10 80 70 54 45 23 33 62 94 17 52 7 74 80 41 19 13 50 36 36 25 74 98 63 67 70 66 71 59 92 84 82 3 67 87 92 11 82 70 3 81 9 80 7 56 33 25 35 21 7 33 24 14 33 90 29 62 97 56 82 91 62 5 45 91 40 14 11 22 76 90 24 59 97
7 64 19 57 64 81 74 74 91 10 75 14 47 81 33 86 0 89 61 88 39 66 18 6 43 59 21 29 26 20 88 84 3 32 31 65 11 63 84 68 67 56 28 94 13 43 29 44 49 59 21 98 56 6 77 50 38 60 37 54 73 33 14 80 2 19 31 97 35 90 76 44 31 46 38 80 31 13 25 72 25 42 51 21 68 94 74 16 92 27 76 45 37 74 1 49 26 4 47 78 78
25 77 92 58 77 98 69 77 1 80 49 27 98 34 72 42 93 0 19 16 93 83 80 18 21 6 3 99 61 14 32 28 5 14 39 17 76 69 48 86 10 19 77 31 86 76 67 64 91 27 76 9 95 58 29 47 21 51 18 96 19 82 74 5 100 18 35 95 66 94 78 87 80 98 95 45 90 69 28 76 36 49 32 72 3 55 26 4 48 100 32 41 20 32 39 13 57 62 6 86 63
39 1 16 19 17 4 86 20 61 61 12 15 43 34 15 1 93 27 0 76 68 55 5 88 28 30 28 59 90 20 72 100 18 90 61 30 9 74 97 27 75 13 45 35 57 27 83 80 19 15 32 64 46 45 18 86 83 45 78 58 77 74 9 72 3 64 50 50 55 2 81 46 37 100 85 62 35 86 64 28 99 57 75 7 51 98 76 89 18 79 31 96 5 43 76 66 37 25 75 96 73
52 58 22 13 28 98 95 16 16 52 89 50 29 54 63 85 42 46 73 0 46 71 37 9 52 17 59 57 57 70 85 45 53 34 22 27 47 76 8 11 39 85 85 17 91 58 27 7 63 14 100 80 5 60 8 91 99 69 16 71 5 80 19 51 12 10 80 96 48 13 81 28 30 95 80 6 44 83 4 46 50 95 44 50 65 60 18 81 80 31 62 31 51 68 76 65 26 82 33 73 62
89 81 4 41 84 95 71 32 65 43 34 100 13 30 4 67 24 12 98 98 0 81 42 2 89 3 87 84 58 58 71 97 6 52 44 80 89 95 23 74 50 39 60 97 45 76 78 16 50 70 87 43 77 16 57 17 22 61 98 12 86 14 10 17 32 65 19 100 45 90 15 79 91 1 50 69 56 72 85 2 63 71 55 51 26 66 3 45 2 71 92 12 12 15 92 87 86 64 45 30 62
45 7 65 68 6 40 15 52 98 32 52 19 47 18 53 66 65 99 68 54 80 0 73 51 27 4 77 31 92 41 57 77 54 41 33 23 28 70 16 20 26 50 76 27 43 40 87 100 14 22 47 69 7 41 1 68 83 100 67 63 37 23 28 24 40 34 71 56 56 3 51 5 65 67 63 76 27 99 74 42 41 68 56 100 81 11 47 71 68 51 56 94 15 42 27 9 21 100 2 82 23
92 65 92 67 52 65 2 5 96 91 85 32 63 69 35 72 39 77 66 96 43 54 0 17 52 84 70 87 39 97 92 61 77 50 19 34 61 1 83 6 49 90 4 74 96 44 60 81 67 25 36 38 23 15 87 13 48 76 72 48 11 5 47 35 65 36 43 90 93 73 89 96 86 100 39 32 7 75 67 9 52 92 38 84 79 65 79 96 90 13 38 86 76 50 15 87 13 54 44 39 51
86 51 41 85 70 55 51 66 95 39 47 72 53 60 8 18 26 45 24 12 50 54 43 0 5 40 89 42 59 24 32 81 38 19 25 28 9 41 57 100 43 60 44 56 4 21 100 25 4 9 35 50 36 78 23 63 88 76 95 69 80 69 35 77 89 63 94 69 26 4 6 66 91 93 73 90 79 44 63 8 57 74 58 21 82 3 18 55 90 66 1 98 29 26 43 11 64 78 5 31 90
31 82 73 40 62 84 22 88 52 55 48 19 28 57 96 20 19 61 64 74 32 93 47 24 0 68 99 14 66 67 57 51 20 16 72 60 77 94 15 60 52 5 76 45 49 93 95 79 26 79 6 22 28 28 8 96 51 86 85 38 11 33 27 80 25 64 54 59 97 94 34 82 45 90 13 46 12 91 64 26 92 87 6 60 16 3 79 27 46 43 37 75 23 45 11 4 44 33 34 3 66
6 38 6 75 80 76 52 14 45 38 45 3 6 34 35 45 22 3 17 5 100 99 10 66 47 0 57 7 89 27 56 39 93 35 19 28 46 87 27 1 75 75 73 33 18 89 3 86 65 84 79 16 7 5 23 45 71 94 94 99 53 100 44 64 8 36 37 68 88 43 28 72 58 29 60 86 67 68 22 2 40 29 21 61 77 84 82 27 49 62 85 51 23 75 100 14 34 4 24 91 15
73 37 43 86 25 1 38 49 23 70 41 65 24 82 80 20 28 16 11 34 77 56 40 19 64 48 0 96 45 22 95 54 5 93 100 39 50 81 18 37 38 52 45 35 82 71 55 95 41 41 89 63 9 94 8 27 94 37 81 8 56 32 6 14 48 3 47 19 47 88 30 70 11 65 81 61 15 83 86 97 23 65 65 88 49 48 33 59 26 3 63 76 90 45 5 6 96 66 83 75 6
14 69 61 29 100 73 51 27 45 42 62 36 52 82 55 57 85 75 91 74 81 83 6 65 30 67 34 0 1 46 20 61 23 87 56 11 90 24 24 64 19 25 35 89 93 1 41 89 70 85 18 2 18 49 71 88 62 29 54 25 82 24 48 10 42 82 96 36 67 39 93 91 22 30 37 30 78 77 52 72 26 15 77 31 69 75 12 59 16 62 55 2 63 100 80 43 24 81 5 5 48
86 86 37 2 82 94 15 88 49 82 40 90 1 4 66 72 16 93 99 60 34 52 40 31 16 72 96 99 0 83 47 25 25 31 21 91 5 77 41 82 100 89 59 95 53 6 42 42 96 79 88 79 76 18 88 52 94 58 66 11 53 80 29 68 26 63 70 24 73 47 51 31 37 77 27 10 11 20 31 90 38 26 3 30 29 84 21 98 61 27 21 88 93 95 65 38 51 84 76 67 81
39 48 47 13 97 41 54 98 21 99 52 57 23 61 33 71 81 75 63 79 25 87 4 86 25 45 26 82 53 0 23 32 5 3 12 6 18 91 71 42 18 31 83 50 28 79 57 92 47 88 14 67 22 74 83 13 92 24 29 64 69 4 53 54 61 27 54 86 37 10 63 55 51 71 37 34 18 98 14 37 3 59 74 26 24 5 23 95 98 29 65 46 24 87 38 22 93 29 19 11 27
41 33 25 10 74 53 21 71 18 37 66 64 14 85 22 1 4 100 87 18 87 46 88 2 33 35 6 1 27 74 0 60 35 35 85 51 25 98 31 45 53 70 74 2 58 96 48 38 48 4 53 9 26 27 79 32 46 38 91 3 28 33 31 50 69 18 20 63 94 21 55 70 69 64 31 69 89 80 91 28 9 81 72 53 28 3 79 18 38 81 28 22 34 7 36 55 78 16 77 53 43
84 33 60 43 9 35 67 98 91 68 78 90 50 79 28 75 3 4 57 26 99 76 62 9 52 78 70 56 14 54 43 0 32 59 14 96 40 65 3 56 98 43 67 99 74 32 88 56 5 33 80 86 54 66 27 6 27 83 37 74 51 58 52 44 37 10 89 79 94 14 97 92 13 44 21 100 48 95 52 59 17 97 52 87 29 22 22 23 24 11 9 92 46 16 34 26 46 56 15 84 4
45 39 32 4 94 77 9 95 8 44 19 56 49 62 11 89 13 58 96 33 99 29 55 91 95 34 49 69 100 75 55 18 0 17 97 90 85 13 44 59 5 63 93 28 89 2 61 73 19 96 28 83 42 81 45 98 19 65 54 79 62 46 75 29 6 10 86 83 45 53 5 72 20 53 52 23 80 75 39 47 85 35 78 34 8 78 94 51 8 18 84 70 35 31 67 66 100 89 36 55 19
91 45 47 2 65 84 66 82 71 41 65 71 98 31 19 29 17 72 26 31 91 57 19 91 53 84 61 24 2 96 78 21 38 0 33 75 16 25 82 50 44 12 73 54 79 27 91 99 10 53 55 40 81 14 64 42 75 6 6 28 61 22 37 42 12 46 71 46 55 32 55 10 67 43 37 19 61 28 44 69 92 66 48 18 16 37 68 41 55 49 29 75 47 27 54 60 38 33 80 70 18
31 71 74 49 29 61 88 42 69 27 65 18 52 52 97 79 42 53 63 80 82 52 95 17 46 10 25 73 2 27 34 65 69 48 0 16 86 89 50 35 33 16 48 48 10 30 60 30 96 49 73 2 35 95 72 50 55 8 72 46 61 57 85 25 39 79 47 82 91 27 46 15 81 98 3 90 26 9 41 65 75 31 82 40 49 73 80 41 13 65 13 86 93 65 51 23 20 97 9 57 36
60 33 25 13 39 66 21 70 34 58 85 13 100 39 92 55 77 74 97 61 52 25 46 18 50 30 71 2 79 88 3 43 15 28 65 0 54 89 54 37 100 89 15 79 35 43 12 13 62 12 93 95 54 82 92 80 48 10 48 92 24 29 70 99 60 81 28 44 52 18 76 37 51 21 78 63 62 49 54 50 52 61 75 81 16 65 69 70 2 81 84 16 45 47 28 33 61 22 35 88 52
29 84 4 14 99 27 24 57 86 39 78 16 99 93 41 19 92 6 50 25 87 10 30 86 46 88 91 34 60 70 64 41 31 13 86 32 0 56 87 72 25 63 79 20 21 4 64 16 34 23 94 74 50 22 85 38 8 17 28 58 72 99 11 33 50 42 68 67 83 37 95 52 49 61 46 72 48 30 39 47 80 53 27 92 74 92 7 63 6 92 2 64 47 10 21 9 40 54 36 66 90
26 24 45 20 53 4 67 19 18 27 31 96 59 59 57 24 11 54 76 43 97 88 62 90 66 92 52 99 41 34 42 69 42 16 10 15 71 0 52 86 89 25 39 65 91 36 90 73 11 45 64 14 4 63 11 31 20 1 27 36 20 7 23 75 29 31 100 35 62 88 22 23 83 77 4 54 80 17 82 53 60 66 91 77 85 87 43 84 46 68 92 65 43 70 51 10 59 55 27 16 52
56 38 26 96 62 48 94 40 26 20 56 61 50 38 87 17 27 54 81 98 69 100 19 78 95 45 25 71 2 35 65 19 72 54 35 44 43 44 0 54 31 66 70 77 36 65 64 53 100 48 44 39 55 74 69 21 31 88 10 70 89 73 54 90 8 70 13 60 22 10 97 39 4 72 98 18 66 76 79 70 24 3 14 36 86 8 22 92 15 51 49 41 73 69 45 69 52 95 11 64 53
19 60 1 79 82 99 8 79 32 99 71 48 25 41 82 43 9 86 4 48 2 51 86 6 41 93 50 59 60 42 9 24 5 61 62 19 60 67 25 0 23 91 69 59 7 5 60 18 62 77 68 87 5 99 56 70 78 91 94 97 53 84 80 78 52 54 59 28 13 15 48 42 51 99 18 76 46 29 37 94 29 88 46 80 13 21 87 15 73 71 77 62 17 39 60 20 87 55 80 78 36
70 48 35 21 7 70 6 1 39 3 76 27 97 56 33 36 5 56 71 26 24 89 44 28 59 23 73 68 63 45 37 100 26 58 71 6 27 69 1 11 0 24 47 2 35 65 37 44 93 57 42 19 19 73 12 69 71 90 2 38 61 83 91 98 20 100 76 45 23 34 79 50 47 52 37 32 14 85 7 38 41 42 33 25 48 7 91 33 50 17 99 29 9 33 2 24 40 42 70 62 34
74 75 68 66 25 31 21 31 45 35 95 61 49 12 24 90 100 96 80 34 19 13 42 53 63 41 1 78 5 23 94 97 82 35 51 71 15 12 27 40 55 0 60 5 38 87 13 78 83 5 97 26 53 31 53 39 23 99 85 53 67 63 70 72 25 48 98 99 84 95 75 6 85 88 75 3 61 41 74 90 2 77 6 55 75 3 2 63 65 23 19 37 96 79 32 86 34 100 83 53 4
56 6 48 34 36 84 94 71 60 2 17 22 27 17 90 17 14 10 36 97 31 96 41 25 15 35 19 43 16 100 15 88 83 30 56 64 90 10 32 62 100 91 0 23 1 95 4 57 24 16 43 20 94 75 37 25 86 69 18 34 34 4 88 67 27 79 23 93 28 12 10 13 80 71 41 61 29 25 10 74 35 63 87 69 35 79 58 41 83 28 71 56 45 63 45 69 16 69 37 38 37
47 97 84 36 94 16 53 15 42 82 30 78 46 65 41 10 17 54 64 85 29 36 5 76 55 35 34 54 77 45 25 2 41 52 71 56 65 82 16 73 62 88 31 0 98 59 16 62 91 43 74 95 18 3 95 49 69 71 86 43 94 66 29 97 81 19 21 39 3 24 6 55 8 57 25 8 24 52 16 7 47 55 99 18 65 81 59 81 88 53 85 89 4 19 29 6 78 16 52 14 63
65 56 25 23 88 43 85 31 61 55 2 18 42 87 23 24 57 77 88 45 63 46 45 28 94 64 40 17 15 21 62 28 9 35 17 99 47 95 38 35 79 57 40 26 0 57 79 96 6 25 56 27 100 22 68 82 80 27 13 67 12 77 78 1 13 28 12 85 1 39 91 100 12 50 54 16 14 87 48 91 10 69 73 52 10 23 29 74 19 12 3 81 31 69 63 10 99 53 89 78 60
39 19 95 61 16 65 25 42 4 18 34 99 62 67 87 60 58 20 71 26 27 78 47 23 71 53 94 33 76 18 26 38 17 67 26 68 75 30 64 40 41 2 44 52 59 0 70 43 24 88 36 68 85 61 71 29 92 8 92 96 87 22 91 36 58 30 94 80 10 50 53 24 45 58 33 14 19 38 38 70 35 55 12 36 39 70 41 43 57 46 52 42 68 18 99 57 67 89 62 97 28
40 75 17 68 47 100 79 79 61 45 83 8 22 23 23 52 18 45 22 6 100 9 16 53 88 6 30 77 56 21 60 81 2 50 58 30 73 62 75 70 92 18 16 89 22 85 0 82 59 4 68 78 62 76 72 59 80 85 28 28 10 3 9 10 26 32 100 89 14 24 1 88 20 19 32 73 94 86 53 54 27 58 93 97 56 42 78 85 9 95 35 36 65 35 93 20 70 28 50 37 37
27 3 8 24 19 36 76 99 81 53 94 3 38 91 39 82 26 71 89 96 85 66 67 28 40 28 17 5 32 8 55 38 15 36 30 8 23 9 63 37 28 73 48 94 77 93 57 0 95 31 28 99 48 94 88 15 28 78 66 21 38 2 84 51 91 15 97 34 59 61 57 87 24 66 30 26 29 89 90 26 32 80 60 76 72 5 74 83 52 30 11 45 70 39 5 21 68 27 84 89 61
10 99 53 13 98 93 22 78 80 95 3 25 79 58 57 80 65 45 68 72 88 59 52 42 17 59 85 87 88 99 11 31 53 41 76 40 37 81 96 39 45 51 20 7 37 27 20 26 0 34 82 21 71 50 81 35 92 47 76 10 45 8 52 64 62 33 90 78 53 81 74 53 53 17 1 97 23 96 45 83 20 44 92 35 75 66 13 26 97 42 73 76 57 60 26 40 21 6 67 67 39
93 73 21 5 74 54 3 58 47 1 95 40 79 22 63 95 7 59 55 56 73 8 41 85 91 3 3 86 29 36 27 14 56 85 77 54 10 45 42 41 85 57 56 28 56 88 51 86 85 0 93 93 28 76 52 11 56 53 89 93 31 8 18 69 31 35 67 47 80 17 63 5 24 89 85 36 55 97 9 44 10 19 41 65 25 37 27 88 100 29 47 51 80 100 12 87 35 12 96 8 65
74 92 33 76 39 55 90 78 91 50 4 33 91 55 43 35 66 20 35 74 62 28 51 22 17 5 79 6 77 11 1 52 1 93 34 64 19 54 84 92 25 89 12 96 27 25 21 90 86 39 0 46 85 73 13 39 68 80 46 19 95 20 77 74 2 94 57 52 49 15 3 31 66 49 67 45 71 57 36 46 96 80 92 2 56 87 50 32 61 63 67 85 78 99 81 41 42 81 38 74 75
88 70 20 75 5 79 58 54 96 43 95 64 85 8 97 30 35 32 8 93 16 24 6 81 84 22 68 64 84 97 95 42 84 38 4 54 82 61 15 20 56 83 32 55 33 7 58 54 49 43 76 0 48 56 54 21 25 83 20 31 21 78 91 96 60 68 99 14 53 63 85 76 23 94 64 61 2 99 90 11 55 90 43 49 9 13 33 50 8 55 57 48 9 19 50 43 47 60 26 19 51
81 2 72 17 88 64 70 10 76 14 98 38 70 99 58 55 12 42 43 90 60 62 11 93 95 12 16 20 15 34 60 8 81 91 63 87 32 21 78 14 14 26 75 30 61 67 8 72 33 9 42 65 0 88 23 62 9 88 18 95 50 43 7 21 78 11 49 57 91 52 18 33 41 88 42 46 12 9 87 78 71 80 57 95 50 75 30 64 3 90 35 63 50 65 13 35 90 45 19 80 20
99 3 10 36 46 34 89 71 67 64 98 82 22 43 44 49 91 65 68 49 28 51 29 47 10 42 85 29 50 9 73 51 3 78 36 68 57 46 67 69 57 95 28 38 10 36 56 26 21 75 96 30 36 0 46 10 46 40 90 20 78 60 27 79 88 60 74 26 78 51 4 70 78 45 100 81 69 45 86 50 46 95 1 5 47 76 59 85 36 26 17 95 90 51 73 97 47 90 67 52 78
66 44 74 36 31 12 87 34 46 54 97 53 86 58 4 19 53 79 40 84 38 41 25 49 83 69 46 55 97 2 14 23 26 81 43 31 96 29 56 59 69 37 38 11 14 26 44 31 44 59 49 71 94 62 0 74 13 32 33 55 81 94 64 84 95 82 45 56 42 76 57 92 74 3 58 98 81 65 51 23 48 44 14 70 64 3 41 20 9 50 45 93 16 63 79 95 10 73 98 45 35
29 74 58 49 25 25 51 87 52 81 7 73 73 44 33 57 40 93 51 5 7 91 92 97 92 34 72 26 27 19 8 69 47 60 60 61 99 48 88 10 5 35 70 19 77 77 23 84 40 13 71 82 10 31 68 0 96 50 16 70 22 7 31 71 37 4 43 81 38 77 51 26 10 51 26 45 9 18 62 74 49 52 97 62 23 74 90 76 5 28 12 33 60 23 45 47 98 82 45 71 72
95 48 74 36 5 31 76 30 19 66 46 65 32 58 44 59 31 75 58 33 15 30 38 69 16 29 77 10 27 23 20 70 70 32 53 5 92 30 72 99 7 93 70 59 17 42 89 1 72 21 64 30 4 22 20 53 0 69 85 99 64 67 78 88 70 74 22 32 90 44 88 73 28 65 3 4 73 18 12 37 87 44 82 59 87 54 71 28 82 86 40 12 73 59 91 62 73 57 42 45 62
27 72 81 11 41 16 43 16 47 21 29 75 40 41 33 31 31 55 20 74 72 28 47 49 76 42 91 89 35 95 6 67 14 79 49 93 75 14 55 65 4 29 67 13 24 32 76 41 32 39 88 28 8 78 67 19 72 0 55 69 99 7 57 11 3 76 92 90 46 17 86 37 65 45 49 67 76 15 70 36 31 88 97 81 52 35 13 87 6 19 88 49 1 84 7 98 71 64 38 74 49
58 30 30 58 74 16 74 46 22 42 40 69 25 72 93 14 23 83 12 100 99 43 13 47 95 80 25 40 59 96 18 100 64 66 100 34 26 65 63 93 89 69 75 65 81 62 67 7 86 43 60 16 21 89 12 99 31 93 0 14 70 37 14 44 11 76 73 57 96 80 70 35 10 9 17 51 84 2 6 29 12 13 32 48 60 75 84 57 41 85 60 32 29 51 98 96 35 63 46 98 8
7 18 47 60 63 80 68 34 73 86 44 64 76 31 58 88 84 91 32 39 90 89 62 82 100 45 85 90 5 2 79 15 14 33 6 58 44 63 22 63 30 13 34 93 59 75 84 18 91 80 19 62 65 87 41 31 90 60 4 0 98 72 41 73 11 25 31 31 83 12 8 62 10 22 69 68 45 27 26 21 79 1 73 78 47 29 31 8 15 4 61 61 23 61 9 96 86 56 89 99 38
96 35 97 85 88 56 66 22 80 6 93 29 79 35 79 100 40 24 80 60 63 73 98 16 82 40 80 86 17 59 88 63 87 77 55 12 59 88 42 48 34 26 26 85 61 67 89 70 77 19 21 36 90 26 6 85 87 89 99 81 0 15 70 39 56 25 93 34 65 43 54 68 11 84 91 37 2 4 27 60 85 73 13 72 26 69 88 90 41 66 64 92 11 89 74 7 98 86 95 14 34
97 52 68 81 52 54 6 33 84 99 26 8 47 24 68 24 50 70 24 59 20 66 55 32 15 2 93 7 87 61 55 56 12 81 92 1 49 2 6 11 56 48 32 82 55 6 89 68 15 22 35 26 96 37 45 21 18 95 37 88 77 0 63 61 32 56 49 55 58 40 65 9 74 56 42 82 23 35 15 5 45 34 66 55 41 48 26 35 86 31 94 55 52 21 27 62 55 53 50 62 14
61 42 47 32 89 18 49 83 17 17 16 21 51 54 78 72 19 61 71 58 5 84 98 17 15 8 25 94 34 90 60 92 25 67 59 19 25 99 34 76 32 43 4 8 66 48 60 81 68 27 34 92 36 58 31 9 41 79 32 8 14 10 0 28 58 36 73 79 69 15 54 54 53 87 12 14 84 78 95 96 8 82 23 63 3 7 37 86 35 99 96 45 70 56 60 25 1 63 76 61 25
96 12 75 30 93 22 62 47 79 75 51 23 21 81 24 70 97 9 25 79 70 53 70 41 64 13 78 40 55 27 18 88 31 39 52 39 60 64 62 29 56 51 88 19 67 74 46 97 96 34 13 34 26 73 82 15 28 69 66 61 82 42 44 0 49 84 54 22 41 75 44 99 44 86 29 98 16 46 17 4 21 94 70 97 66 75 79 13 89 70 96 25 28 6 31 46 91 22 94 71 63
3 89 84 37 52 92 39 54 7 42 27 95 99 8 27 7 40 48 66 2 9 90 40 45 21 89 48 45 15 46 81 76 83 71 88 7 80 98 2 12 94 47 37 11 7 21 22 55 11 76 46 78 21 33 87 59 6 49 99 23 4 66 54 53 0 2 38 16 94 10 25 87 82 58 41 94 20 81 66 17 94 79 16 65 50 96 36 66 4 23 5 97 49 30 10 78 39 11 95 74 6
94 56 43 23 21 89 62 46 21 1 98 23 71 7 39 26 38 62 8 13 11 63 21 66 80 13 88 68 16 79 26 1 24 79 79 62 54 36 14 22 53 94 34 89 1 26 69 94 72 42 44 31 1 6 40 89 7 6 60 66 20 5 22 31 64 0 11 44 35 10 65 22 71 18 65 7 99 76 35 83 15 37 36 80 67 76 19 40 14 53 17 1 16 88 31 72 49 64 79 2 76
32 51 54 73 37 77 68 67 76 46 90 50 54 74 99 62 45 21 44 22 71 87 28 36 95 35 35 29 8 57 24 97 64 1 61 3 85 97 50 82 84 73 61 63 99 84 51 27 64 64 47 13 21 69 75 9 39 25 60 56 62 15 24 58 32 26 0 72 27 84 99 48 69 31 6 79 3 33 88 62 53 56 6 81 11 66 43 84 85 58 51 58 21 76 38 50 91 4 92 3 55
61 52 79 73 21 90 58 64 14 42 22 12 67 14 61 82 71 63 92 92 69 84 3 63 8 1 8 98 62 4 13 57 34 58 32 38 83 16 55 19 71 52 100 72 71 43 73 46 57 85 29 27 84 45 41 81 13 43 60 80 36 5 58 67 80 89 2 0 93 84 38 81 87 25 37 12 9 19 36 33 19 80 14 77 49 8 90 71 25 70 3 77 59 30 80 2 8 46 94 27 53
80 5 5 34 6 92 87 47 15 85 20 11 26 26 2 69 20 16 41 99 4 74 92 40 6 81 37 70 37 46 100 54 36 74 71 14 98 89 41 22 58 57 66 94 4 41 3 95 10 32 98 12 60 45 17 4 81 77 73 59 9 35 18 96 94 90 59 20 0 62 6 95 5 49 80 28 79 3 45 95 51 78 22 39 33 69 40 90 51 53 26 92 5 20 55 51 68 17 32 65 35
44 60 80 69 75 53 92 89 62 46 11 91 12 87 22 11 94 75 78 38 67 67 50 83 27 76 68 66 82 13 52 37 26 82 19 85 15 38 61 51 9 24 96 22 59 43 10 76 54 27 29 33 91 37 24 66 81 76 33 83 35 22 98 71 88 15 20 96 53 0 33 38 52 10 37 44 23 82 97 82 68 25 100 99 48 95 26 93 86 53 16 37 70 95 25 17 25 45 34 45 82
80 45 32 6 72 50 8 31 35 30 19 72 81 57 55 69 22 95 22 64 76 51 31 7 2 9 70 39 10 86 82 18 8 58 46 26 24 57 60 38 53 19 49 37 21 93 7 43 39 75 71 42 10 36 11 61 65 2 32 94 49 66 38 65 83 4 63 72 38 12 0 37 88 12 35 77 14 8 63 92 86 46 52 20 85 90 98 100 22 91 79 69 99 57 58 21 4 29 44 64 43
72 27 58 2 92 76 11 41 42 59 44 20 21 6 51 67 71 53 66 34 29 100 50 83 11 58 72 82 46 14 9 39 59 96 33 72 9 89 17 83 21 26 70 3 1 34 47 99 89 45 4 87 75 11 75 46 17 79 18 4 16 40 78 100 69 22 13 73 48 40 28 0 69 13 74 43 63 85 87 34 9 74 39 24 72 69 98 98 30 42 6 44 60 41 6 63 46 62 76 87 63
72 92 14 66 24 47 100 99 77 6 39 17 74 29 70 42 86 68 6 31 39 27 76 24 56 93 94 47 49 46 85 84 77 99 31 78 15 35 96 16 1 51 1 61 38 36 100 68 70 28 1 96 13 25 48 69 59 38 98 94 71 10 22 43 50 5 32 78 62 63 45 27 0 36 22 17 37 25 57 11 15 38 6 2 83 90 59 84 40 6 52 2 95 8 74 49 75 85 33 90 66
78 2 54 8 41 53 37 9 25 90 33 85 68 23 68 99 20 22 100 68 54 35 9 98 100 99 92 36 83 4 30 24 6 2 26 17 94 22 47 73 25 10 29 58 57 60 65 14 80 65 86 34 100 64 46 4 100 18 28 65 7 85 13 59 45 97 50 83 78 53 2 3 46 0 83 88 86 83 70 74 91 1 86 49 74 87 97 7 6 26 95 88 82 95 51 93 35 49 57 78 69
38 28 29 50 26 78 37 72 75 26 9 59 48 76 28 87 17 14 77 94 22 12 72 48 65 58 40 64 61 14 15 83 16 81 93 38 87 85 24 71 4 95 47 30 53 10 97 84 10 78 31 69 65 33 91 69 19 78 39 85 67 12 100 90 12 74 34 8 52 57 66 37 84 29 0 42 100 58 80 58 15 65 87 43 58 10 17 30 57 62 64 80 8 66 66 91 30 89 54 90 13
45 37 48 97 79 91 89 15 77 36 45 14 66 99 94 66 68 9 35 46 75 56 43 94 24 7 46 37 69 72 37 82 34 26 37 68 85 49 62 18 1 92 39 73 67 4 77 23 24 99 68 13 20 86 66 30 76 30 64 62 77 26 98 14 52 42 98 92 26 63 7 97 93 65 38 0 19 67 17 32 44 66 31 63 89 36 35 20 67 51 59 16 24 14 57 46 2 63 91 74 75
45 50 76 33 56 82 10 17 44 24 25 79 96 62 69 35 95 8 4 63 24 65 72 31 39 34 41 94 94 81 54 82 73 43 78 19 41 50 97 89 51 21 94 36 36 93 77 55 48 48 39 75 74 34 11 81 78 61 62 39 6 81 48 16 49 17 39 5 49 73 23 76 7 12 78 13 0 36 10 77 85 50 4 9 16 48 67 91 36 28 32 81 67 22 5 3 64 93 32 48 50
43 74 42 81 99 62 27 58 93 83 53 22 11 88 48 9 95 26 83 36 76 65 27 95 14 36 43 99 86 78 8 53 15 98 9 46 26 69 88 2 25 38 24 2 94 63 88 96 70 40 82 22 96 44 74 20 31 32 59 48 68 24 77 62 87 98 42 8 42 14 25 87 64 74 35 87 90 0 63 8 2 81 80 57 36 22 64 49 72 28 55 84 25 42 37 69 14 71 69 39 24
2 45 36 85 41 11 22 17 99 67 81 66 90 25 76 62 89 7 68 76 38 15 38 54 58 90 98 68 9 24 19 91 7 31 77 19 97 21 54 66 76 8 20 51 100 31 92 86 23 61 23 83 48 81 23 77 97 2 73 26 41 77 17 25 80 25 73 68 86 51 92 59 59 89 52 96 14 8 0 24 74 22 39 43 68 51 70 44 80 40 83 37 67 62 81 2 36 80 42 15 12
37 62 10 15 6 53 4 53 12 26 88 35 22 76 59 90 44 83 26 29 36 25 60 20 7 69 74 80 71 28 32 22 56 50 9 95 25 71 4 2 5 39 32 20 67 31 59 50 87 42 23 28 36 22 68 19 31 16 82 37 32 96 46 6 47 75 31 92 16 24 34 59 72 72 44 25 27 41 90 0 1 46 56 40 58 25 38 55 32 95 93 30 20 96 57 16 78 92 33 13 71
44 35 59 55 95 73 21 69 78 50 92 64 69 38 98 100 91 57 75 53 41 25 90 77 30 9 25 20 24 68 20 79 21 9 34 38 92 78 74 46 60 92 50 88 8 65 24 89 50 1 17 40 13 99 36 61 48 22 65 25 14 66 73 37 5 77 97 24 1 35 95 88 77 42 29 92 7 56 25 89 0 65 43 87 5 48 51 29 23 11 36 47 15 13 75 78 50 56 79 52 61
92 3 50 27 8 83 27 63 35 31 31 72 23 16 68 21 24 56 69 73 1 64 46 46 57 75 97 100 75 7 9 85 78 30 71 82 46 13 69 32 80 84 83 58 100 71 57 60 43 62 69 12 6 99 29 10 84 58 70 39 75 66 32 91 96 44 93 23 89 65 69 59 85 34 36 28 25 15 21 43 19 0 69 23 75 83 58 66 90 77 37 90 51 68 100 22 43 23 40 43 77
25 37 12 3 85 94 53 47 14 25 63 98 87 67 100 53 35 75 14 3 99 98 42 39 1 88 31 44 70 15 61 63 76 59 31 59 34 24 9 18 81 48 49 12 84 21 27 57 47 19 66 10 30 50 66 59 23 19 26 48 23 30 50 51 10 38 29 56 40 91 39 89 71 88 31 96 96 49 94 1 31 59 0 30 75 36 64 2 78 95 37 88 8 27 42 89 80 44 89 18 43
23 53 68 22 91 97 79 84 43 8 39 91 59 87 47 77 49 37 29 28 91 100 27 56 80 61 82 49 23 78 66 85 97 25 4 25 46 73 55 10 89 8 37 2 52 78 46 87 99 18 93 52 93 84 54 44 92 84 64 78 22 41 44 69 79 45 92 83 19 98 2 18 22 89 6 23 26 12 64 20 43 5 25 0 2 17 95 87 58 66 3 24 78 43 31 80 11 83 31 21 95
95 93 70 49 3 19 74 17 91 99 59 45 84 28 29 59 87 79 42 62 88 49 18 86 24 5 69 52 92 5 31 66 33 60 48 38 67 40 80 13 99 46 13 53 46 77 80 54 46 71 42 15 93 66 83 92 46 86 50 46 8 74 84 89 83 60 1 82 68 97 91 5 39 37 91 91 92 84 88 74 82 62 6 27 0 9 50 5 47 58 64 34 45 2 10 73 88 20 24 2 61
6 31 51 94 25 24 85 13 76 89 12 89 20 11 94 84 37 27 37 85 59 99 68 5 37 23 87 97 46 86 82 60 72 2 86 100 73 48 13 28 9 76 64 50 19 100 51 19 2 88 69 69 43 60 2 3 29 48 30 28 10 54 3 58 92 30 22 84 12 55 88 14 38 76 70 59 37 83 15 2 43 58 81 50 25 0 39 54 55 8 53 36 76 74 42 78 84 44 9 94 28
71 40 30 53 41 90 32 53 27 41 85 23 27 77 26 10 33 91 44 20 86 93 24 89 41 8 82 20 75 76 18 72 87 85 16 38 82 3 63 82 21 99 89 60 27 31 40 38 26 51 21 86 27 100 6 57 2 64 76 22 9 57 83 5 74 100 54 53 33 75 67 87 33 27 75 86 14 60 43 71 34 86 49 61 86 48 0 9 42 15 11 61 3 80 6 91 30 90 23 95 61
24 41 9 83 67 2 22 73 80 93 66 70 36 31 2 21 63 69 80 37 56 8 82 43 3 48 90 53 78 43 38 48 75 98 94 98 41 46 72 78 59 77 88 5 39 65 78 32 5 44 58 49 74 5 40 9 33 52 96 24 13 45 55 13 13 51 21 45 63 48 28 62 4 39 83 25 76 59 77 18 34 78 59 1 40 6 39 0 42 89 61 31 26 13 40 9 16 35 35 56 93
4 19 39 74 23 90 91 64 17 23 42 42 50 65 99 1 46 46 16 45 12 87 28 11 14 32 79 96 90 23 91 27 51 55 92 96 100 49 86 14 74 69 65 64 14 13 61 36 63 54 60 53 71 99 88 9 44 20 51 5 46 57 89 96 92 27 43 33 17 80 5 79 72 68 18 70 11 20 4 39 2 39 46 41 94 98 84 37 0 8 88 47 5 38 64 31 95 87 43 30 57
18 84 17 14 24 36 54 26 43 67 12 29 87 90 62 58 35 75 32 75 21 2 43 35 1 51 68 52 53 26 46 62 13 88 67 46 69 24 12 17 74 26 5 99 81 64 93 89 5 88 88 21 70 17 88 82 27 9 66 71 25 86 4 11 5 26 26 30 41 31 18 18 37 8 96 65 20 34 23 64 46 61 60 63 72 84 49 46 66 0 79 95 51 24 85 5 60 68 60 89 94
55 44 99 62 46 20 61 54 95 27 80 44 39 48 42 44 45 10 92 39 21 37 39 39 72 22 40 19 75 94 19 88 74 28 80 88 79 43 87 92 66 45 48 87 66 19 78 13 18 75 21 95 70 15 71 60 23 62 89 40 48 87 75 43 82 35 77 62 11 34 16 15 24 49 56 59 25 80 52 88 68 23 89 94 55 90 8 8 24 3 0 35 3 73 40 44 73 10 87 59 20
56 96 51 16 96 83 79 44 30 51 89 92 8 29 1 25 14 51 93 14 91 6 86 87 9 82 75 81 22 24 18 71 29 59 38 13 17 48 83 55 69 86 45 4 68 52 58 76 9 40 87 20 81 72 9 15 6 32 22 80 52 11 10 75 23 22 81 12 15 39 55 17 96 19 79 40 26 67 4 54 45 26 27 19 37 71 10 36 30 40 86 0 77 61 76 13 37 76 14 78 59
78 37 57 71 90 7 74 59 78 80 20 73 1 81 52 90 47 77 94 64 34 4 30 91 32 32 65 64 70 81 35 22 68 92 87 95 78 91 78 39 90 82 68 39 82 69 78 96 72 70 33 48 93 66 39 6 2 96 21 76 43 18 58 75 86 70 52 51 29 21 67 70 56 2 9 76 20 32 100 17 49 46 98 9 87 20 44 66 71 99 57 68 0 21 68 17 5 81 3 74 66
33 56 26 87 1 61 33 3 28 44 81 49 79 35 30 80 45 78 37 41 9 83 71 55 8 43 23 83 92 31 15 73 80 24 60 55 47 84 26 72 31 1 32 74 15 78 97 37 47 22 58 80 97 88 42 39 37 35 59 23 10 81 9 36 36 9 93 7 90 4 43 96 87 49 38 94 94 76 37 86 21 72 30 59 91 68 19 95 34 17 41 48 85 0 58 83 48 95 32 29 1
2 100 6 84 69 73 36 46 4 99 63 66 61 72 93 26 67 76 84 26 2 9 96 10 88 29 55 66 80 6 79 37 35 8 14 14 53 93 90 7 68 26 24 88 79 24 48 54 81 7 85 12 95 6 20 55 79 89 50 81 68 4 28 22 9 51 54 67 33 33 64 58 17 41 33 8 68 72 81 38 38 92 37 67 66 84 15 22 92 39 81 27 32 50 0 100 57 76 63 95 34
21 41 91 88 8 74 93 25 57 18 34 41 6 82 47 44 45 38 57 98 23 16 55 47 5 94 63 58 7 48 53 7 48 39 62 25 89 56 63 64 10 35 30 56 64 66 35 13 32 33 14 55 45 95 32 47 29 29 27 28 86 5 42 23 90 69 57 91 77 56 84 10 25 36 27 54 9 61 38 21 82 73 38 70 79 66 97 27 4 65 95 87 5 36 86 0 91 69 85 22 95
8 47 68 23 23 3 28 13 17 25 99 90 79 50 22 63 40 28 2 65 11 76 45 77 87 45 21 95 92 2 10 71 4 41 68 41 100 83 35 54 88 46 1 11 89 62 25 45 3 9 31 80 93 32 96 82 17 76 6 29 38 48 76 82 29 95 49 84 35 40 65 18 23 68 64 83 74 8 10 58 19 26 6 90 11 70 37 49 92 70 59 16 97 71 93 23 0 2 73 20 90
54 13 37 79 69 4 21 49 46 30 90 66 18 36 44 82 31 25 29 61 51 21 31 42 50 69 42 43 43 73 43 61 99 30 47 66 65 48 71 73 91 16 23 12 5 100 75 97 56 2 94 44 38 40 40 31 100 53 18 28 29 42 58 5 14 3 78 83 23 87 55 95 95 23 28 50 31 31 78 81 20 1 69 51 46 56 17 59 63 27 62 51 49 34 1 59 17 0 21 64 40
42 48 55 42 51 89 94 31 8 18 28 39 19 35 37 16 69 37 59 85 48 84 87 85 22 46 87 15 60 86 17 46 7 58 81 59 31 61 63 5 55 29 64 81 99 88 39 34 98 26 92 9 93 5 70 25 21 24 33 14 84 31 28 21 63 6 78 37 7 89 99 93 62 1 12 96 65 98 64 81 47 51 77 83 98 90 90 12 69 83 53 39 99 40 82 51 25 82 0 20 74
7 99 28 66 7 19 40 27 56 20 49 98 3 72 17 22 86 67 94 43 17 92 2 36 76 70 38 79 53 26 5 83 12 95 76 20 35 72 51 94 26 96 82 99 70 89 74 28 78 20 48 66 95 13 41 16 90 47 30 91 66 78 1 2 54 7 44 29 21 77 24 87 67 40 46 95 1 46 44 42 58 2 34 22 23 55 36 42 60 83 77 36 2 54 3 88 89 100 88 0 34
23 1 77 76 51 71 55 49 27 88 54 38 47 78 67 59 11 42 21 32 35 25 22 31 78 2 78 2 55 96 92 61 54 57 74 49 88 66 1 98 5 57 95 56 87 5 90 35 68 71 63 11 33 55 28 58 84 37 3 30 23 32 51 2 29 58 97 4 93 11 35 11 59 68 19 60 27 52 7 11 16 22 30 26 12 30 88 68 97 76 98 60 27 12 41 15 24 28 43 8 0

# Simulation duration (hours)
stopTime 30.0
# Warm-up time (hours) allowed before collecting statistics
warmUpTime 12.0
